1,1
2,2
3,3
4,4
5,5
6,6
7,7
8,8
9,9
10,10
11,11
12,12
<<<<<<< HEAD
12,13
13,14
14,15
15,16
15,17
16,18
17,19
18,20
18,21
19,22
20,23
21,24
22,25
23,26
24,27
25,28
26,29
27,30
28,31
29,32
30,33
31,34
32,35
33,36
34,37
35,38
36,39
37,40
38,41
39,42
40,43
41,44
42,45
43,46
44,47
45,48
46,49
46,50
47,51
48,52
49,53
50,54
51,55
52,56
53,57
54,58
54,59
55,60
56,61
57,62
58,63
59,64
60,65
61,66
62,67
62,68
63,69
63,70
63,71
64,72
65,73
66,74
67,75
68,76
69,77
70,78
71,79
72,80
73,81
74,82
74,83
75,84
76,85
77,86
78,87
79,88
80,89
81,90
=======
13,13
14,14
15,15
16,16
17,17
18,18
19,19
20,20
21,21
22,22
23,23
24,24
25,25
26,26
27,27
28,28
29,29
30,30
31,31
32,32
33,33
34,34
35,35
36,36
37,37
38,38
39,39
40,40
41,41
42,42
43,43
44,44
45,45
46,46
47,47
48,48
49,49
50,50
51,51
52,52
53,53
54,54
55,55
56,56
57,57
58,58
59,59
60,60
61,61
62,62
63,63
64,64
65,65
66,66
66,67
67,68
68,69
69,70
70,71
71,72
72,73
73,74
74,75
75,76
76,77
77,78
78,79
79,80
79,81
79,82
80,83
80,84
80,85
80,86
81,87
81,88
81,89
82,90
>>>>>>> origin/master
82,91
83,92
84,93
85,94
85,95
<<<<<<< HEAD
85,96
86,97
=======
86,96
87,97
>>>>>>> origin/master
87,98
88,99
89,100
90,101
91,102
92,103
93,104
94,105
95,106
<<<<<<< HEAD
95,107
95,108
95,109
96,110
97,111
98,112
98,113
99,114
99,115
100,116
101,117
102,118
103,119
104,120
105,121
106,122
106,123
107,124
108,125
109,126
110,127
111,128
112,129
113,130
114,131
115,132
116,133
117,134
118,135
119,136
=======
96,107
97,108
98,109
99,110
100,111
101,112
102,113
103,114
104,115
105,116
105,117
105,118
105,119
106,120
107,121
108,122
108,123
109,124
110,125
111,126
112,127
113,128
114,129
115,130
115,131
116,132
117,133
118,134
119,135
120,136
>>>>>>> origin/master
120,137
121,138
122,139
123,140
124,141
125,142
126,143
127,144
<<<<<<< HEAD
128,145
129,146
130,147
131,148
132,149
133,150
134,151
135,152
136,153
137,154
138,155
139,156
140,157
141,158
142,159
142,160
143,161
143,162
143,163
144,164
145,165
146,166
147,167
148,168
149,169
149,170
149,171
149,172
149,173
149,174
150,175
151,176
152,177
153,178
153,179
154,180
155,181
156,182
156,183
156,184
156,185
157,186
157,187
157,188
158,189
158,190
158,191
158,192
158,193
158,194
158,195
159,196
159,197
159,198
159,199
160,200
161,201
161,202
162,203
163,204
164,205
165,206
166,207
166,208
167,209
167,210
168,211
169,212
170,213
171,214
172,215
173,216
174,217
175,218
176,219
177,220
178,221
179,222
180,223
181,224
182,225
183,226
184,227
185,228
186,229
187,230
188,231
189,232
190,233
191,234
192,235
192,236
193,237
194,238
195,239
196,240
197,241
198,242
199,243
200,244
201,245
202,246
203,247
204,248
204,249
205,250
206,251
207,252
208,253
209,254
210,255
211,256
212,257
213,258
213,259
214,260
215,261
215,262
215,263
216,264
217,265
218,266
219,267
220,268
221,269
222,270
223,271
224,272
225,273
226,274
227,275
228,276
229,277
230,278
231,279
232,280
233,281
234,282
235,283
235,284
235,285
236,286
237,287
237,288
238,289
239,290
239,291
239,292
240,293
241,294
241,295
242,296
242,297
242,298
242,299
243,300
=======
127,145
128,146
129,147
130,148
131,149
132,150
133,151
134,152
135,153
136,154
137,155
138,156
139,157
140,158
141,159
142,160
143,161
144,162
145,163
146,164
147,165
148,166
149,167
150,168
151,169
152,170
153,171
154,172
155,173
156,174
157,175
158,176
159,177
160,178
161,179
162,180
163,181
164,182
164,183
165,184
165,185
165,186
165,187
165,188
166,189
166,190
166,191
167,192
167,193
168,194
169,195
170,196
171,197
172,198
173,199
174,200
175,201
176,202
177,203
178,204
179,205
179,206
180,207
181,208
182,209
183,210
184,211
185,212
185,213
186,214
187,215
188,216
188,217
189,218
190,219
191,220
192,221
193,222
194,223
195,224
196,225
197,226
198,227
199,228
200,229
201,230
202,231
203,232
204,233
205,234
206,235
207,236
208,237
209,238
210,239
211,240
212,241
213,242
214,243
215,244
216,245
217,246
218,247
219,248
220,249
220,250
220,251
221,252
222,253
223,254
224,255
225,256
226,257
226,258
227,259
228,260
228,261
229,262
230,263
231,264
232,265
233,266
234,267
235,268
236,269
237,270
238,271
239,272
240,273
241,274
242,275
243,276
244,277
244,278
245,279
246,280
247,281
248,282
249,283
249,284
250,285
251,286
252,287
253,288
254,289
255,290
255,291
256,292
257,293
258,294
259,295
259,296
260,297
261,298
262,299
263,300
264,301
265,302
266,303
267,304
268,305
269,306
269,307
270,308
271,309
272,310
273,311
274,312
274,313
275,314
276,315
277,316
278,317
279,318
280,319
281,320
282,321
283,322
284,323
285,324
286,325
287,326
288,327
289,328
290,329
290,330
291,331
292,332
293,333
294,334
294,335
295,336
296,337
297,338
298,339
299,340
300,341
301,342
302,343
303,344
304,345
305,346
306,347
307,348
308,349
309,350
310,351
310,352
311,353
312,354
313,355
314,356
315,357
316,358
317,359
318,360
319,361
320,362
321,363
322,364
323,365
324,366
325,367
326,368
327,369
328,370
329,371
330,372
331,373
332,374
333,375
334,376
335,377
336,378
337,379
338,380
338,381
339,382
340,383
341,384
341,385
342,386
343,387
344,388
345,389
346,390
347,391
348,392
349,393
350,394
351,395
352,396
353,397
354,398
355,399
355,400
356,401
356,402
357,403
358,404
359,405
360,406
360,407
361,408
362,409
363,410
364,411
365,412
366,413
367,414
368,415
368,416
369,417
370,418
371,419
372,420
373,421
374,422
374,423
375,424
375,425
375,426
376,427
376,428
377,429
378,430
379,431
380,432
381,433
382,434
383,435
384,436
385,437
386,438
387,439
388,440
389,441
390,442
390,443
390,444
390,445
391,446
392,447
393,448
394,449
395,450
396,451
397,452
398,453
399,454
400,455
401,456
402,457
403,458
404,459
405,460
406,461
406,462
406,463
407,464
408,465
408,466
409,467
410,468
411,469
412,470
413,471
413,472
413,473
414,474
415,475
416,476
417,477
418,478
419,479
420,480
420,481
421,482
422,483
423,484
424,485
425,486
425,487
426,488
427,489
428,490
428,491
428,492
429,493
430,494
431,495
432,496
433,497
433,498
434,499
435,500
436,501
437,502
438,503
439,504
440,505
441,506
442,507
443,508
444,509
445,510
446,511
447,512
448,513
448,514
448,515
449,516
450,517
450,518
450,519
450,520
451,521
452,522
453,523
454,524
455,525
456,526
457,527
458,528
459,529
460,530
461,531
462,532
463,533
464,534
465,535
466,536
467,537
468,538
469,539
470,540
471,541
472,542
473,543
474,544
475,545
476,546
477,547
478,548
479,549
480,550
481,551
482,552
483,553
483,554
484,555
485,556
486,557
487,558
488,559
489,560
490,561
491,562
492,563
493,564
494,565
495,566
496,567
497,568
498,569
499,570
500,571
501,572
502,573
503,574
504,575
505,576
506,577
506,578
506,579
506,580
506,581
507,582
508,583
508,584
508,585
508,586
508,587
508,588
508,589
508,590
508,591
508,592
508,593
508,594
509,595
510,596
511,597
512,598
513,599
513,600
513,601
514,602
515,603
516,604
517,605
518,606
519,607
520,608
521,609
522,610
523,611
524,612
525,613
526,614
527,615
528,616
528,617
529,618
530,619
530,620
530,621
530,622
531,623
532,624
533,625
534,626
535,627
535,628
535,629
536,630
537,631
537,632
537,633
538,634
539,635
540,636
541,637
541,638
542,639
543,640
543,641
543,642
544,643
545,644
545,645
545,646
546,647
546,648
546,649
547,650
548,651
549,652
550,653
551,654
551,655
551,656
552,657
552,658
553,659
554,660
555,661
556,662
557,663
557,664
558,665
558,666
558,667
558,668
558,669
559,670
560,671
560,672
560,673
561,674
562,675
563,676
564,677
565,678
565,679
565,680
566,681
567,682
567,683
567,684
567,685
568,686
568,687
569,688
570,689
571,690
572,691
573,692
573,693
573,694
573,695
573,696
573,697
573,698
573,699
573,700
>>>>>>> origin/master
